(0,0,0,1): 11662
(0,0,1,1): 14994
(0,0,2,1): 19159
(0,0,3,1): 22491
(0,0,4,1): 26656
(0,0,5,1): 29988
(0,0,6,1): 22491
(0,0,7,1): 25823
(0,0,8,1): 14994
(0,0,9,1): 18326
(0,0,10,1): 19992
(0,0,11,1): 19992
(0,1,0,2): 11662
(0,1,1,2): 14994
(0,1,2,2): 19159
(0,1,3,2): 22491
(0,1,4,2): 26656
(0,1,5,2): 29988
(0,1,6,2): 22491
(0,1,7,2): 25823
(0,1,8,2): 14994
(0,1,9,2): 18326
(0,1,10,2): 19992
(0,1,11,2): 19992
(0,2,0,3): 11662
(0,2,1,3): 14994
(0,2,2,3): 19159
(0,2,3,3): 22491
(0,2,4,3): 26656
(0,2,5,3): 29988
(0,2,6,3): 22491
(0,2,7,3): 25823
(0,2,8,3): 14994
(0,2,9,3): 18326
(0,2,10,3): 19992
(0,2,11,3): 19992
(0,3,0,4): 11662
(0,3,0,6): 11662
(0,3,1,4): 14994
(0,3,1,6): 14994
(0,3,2,4): 19159
(0,3,2,6): 19159
(0,3,3,4): 22491
(0,3,3,6): 22491
(0,3,4,4): 26656
(0,3,4,6): 26656
(0,3,5,4): 29988
(0,3,5,6): 29988
(0,3,6,4): 22491
(0,3,6,6): 22491
(0,3,7,4): 25823
(0,3,7,6): 25823
(0,3,8,4): 14994
(0,3,8,6): 14994
(0,3,9,4): 18326
(0,3,9,6): 18326
(0,3,10,4): 19992
(0,3,10,6): 19992
(0,3,11,4): 19992
(0,3,11,6): 19992
(0,4,0,5): 11662
(0,4,1,5): 14994
(0,4,2,5): 19159
(0,4,3,5): 22491
(0,4,4,5): 26656
(0,4,5,5): 29988
(0,4,6,5): 22491
(0,4,7,5): 25823
(0,4,8,5): 14994
(0,4,9,5): 18326
(0,4,10,5): 19992
(0,4,11,5): 19992
(0,5,0,3): 11662
(0,5,1,3): 14994
(0,5,2,3): 19159
(0,5,3,3): 22491
(0,5,4,3): 26656
(0,5,5,3): 29988
(0,5,6,3): 22491
(0,5,7,3): 25823
(0,5,8,3): 14994
(0,5,9,3): 18326
(0,5,10,3): 19992
(0,5,11,3): 19992
(0,6,0,7): 11662
(0,6,1,7): 14994
(0,6,2,7): 19159
(0,6,3,7): 22491
(0,6,4,7): 26656
(0,6,5,7): 29988
(0,6,6,7): 22491
(0,6,7,7): 25823
(0,6,8,7): 14994
(0,6,9,7): 18326
(0,6,10,7): 19992
(0,6,11,7): 19992
(0,7,0,8): 11662
(0,7,1,8): 14994
(0,7,2,8): 19159
(0,7,3,8): 22491
(0,7,4,8): 26656
(0,7,5,8): 29988
(0,7,6,8): 22491
(0,7,7,8): 25823
(0,7,8,8): 14994
(0,7,9,8): 18326
(0,7,10,8): 19992
(0,7,11,8): 19992
(0,8,0,9): 11662
(0,8,1,9): 14994
(0,8,2,9): 19159
(0,8,3,9): 22491
(0,8,4,9): 26656
(0,8,5,9): 29988
(0,8,6,9): 22491
(0,8,7,9): 25823
(0,8,8,9): 14994
(0,8,9,9): 18326
(0,8,10,9): 19992
(0,8,11,9): 19992
(0,9,0,10): 1460.55
(0,9,0,11): 10201.4
(0,9,1,10): 1877.86
(0,9,1,11): 13116.1
(0,9,2,10): 2399.48
(0,9,2,11): 16759.5
(0,9,3,10): 2816.78
(0,9,3,11): 19674.2
(0,9,4,10): 3338.41
(0,9,4,11): 23317.6
(0,9,5,10): 3755.71
(0,9,5,11): 26232.3
(0,9,6,10): 2816.78
(0,9,6,11): 19674.2
(0,9,7,10): 3234.08
(0,9,7,11): 22588.9
(0,9,8,10): 1877.86
(0,9,8,11): 13116.1
(0,9,9,10): 2295.16
(0,9,9,11): 16030.8
(0,9,10,10): 2503.81
(0,9,10,11): 17488.2
(0,9,11,10): 2503.81
(0,9,11,11): 17488.2
(0,10,0,0): 1460.55
(0,10,1,0): 1877.86
(0,10,2,0): 2399.48
(0,10,3,0): 2816.78
(0,10,4,0): 3338.41
(0,10,5,0): 3755.71
(0,10,6,0): 2816.78
(0,10,7,0): 3234.08
(0,10,8,0): 1877.86
(0,10,9,0): 2295.16
(0,10,10,0): 2503.81
(0,10,11,0): 2503.81
(0,11,0,0): 10201.4
(0,11,1,0): 13116.1
(0,11,2,0): 16759.5
(0,11,3,0): 19674.2
(0,11,4,0): 23317.6
(0,11,5,0): 26232.3
(0,11,6,0): 19674.2
(0,11,7,0): 22588.9
(0,11,8,0): 13116.1
(0,11,9,0): 16030.8
(0,11,10,0): 17488.2
(0,11,11,0): 17488.2
(1,0,0,1): 14994
(1,0,1,1): 18326
(1,0,2,1): 22491
(1,0,3,1): 25823
(1,0,4,1): 29988
(1,0,5,1): 33320
(1,0,6,1): 25823
(1,0,7,1): 29155
(1,0,8,1): 18326
(1,0,9,1): 21658
(1,0,10,1): 23324
(1,0,11,1): 23324
(1,1,0,2): 14994
(1,1,1,2): 18326
(1,1,2,2): 22491
(1,1,3,2): 25823
(1,1,4,2): 29988
(1,1,5,2): 33320
(1,1,6,2): 25823
(1,1,7,2): 29155
(1,1,8,2): 18326
(1,1,9,2): 21658
(1,1,10,2): 23324
(1,1,11,2): 23324
(1,2,0,3): 14994
(1,2,1,3): 18326
(1,2,2,3): 22491
(1,2,3,3): 25823
(1,2,4,3): 29988
(1,2,5,3): 33320
(1,2,6,3): 25823
(1,2,7,3): 29155
(1,2,8,3): 18326
(1,2,9,3): 21658
(1,2,10,3): 23324
(1,2,11,3): 23324
(1,3,0,4): 14994
(1,3,0,6): 14994
(1,3,1,4): 18326
(1,3,1,6): 18326
(1,3,2,4): 22491
(1,3,2,6): 22491
(1,3,3,4): 25823
(1,3,3,6): 25823
(1,3,4,4): 29988
(1,3,4,6): 29988
(1,3,5,4): 33320
(1,3,5,6): 33320
(1,3,6,4): 25823
(1,3,6,6): 25823
(1,3,7,4): 29155
(1,3,7,6): 29155
(1,3,8,4): 18326
(1,3,8,6): 18326
(1,3,9,4): 21658
(1,3,9,6): 21658
(1,3,10,4): 23324
(1,3,10,6): 23324
(1,3,11,4): 23324
(1,3,11,6): 23324
(1,4,0,5): 14994
(1,4,1,5): 18326
(1,4,2,5): 22491
(1,4,3,5): 25823
(1,4,4,5): 29988
(1,4,5,5): 33320
(1,4,6,5): 25823
(1,4,7,5): 29155
(1,4,8,5): 18326
(1,4,9,5): 21658
(1,4,10,5): 23324
(1,4,11,5): 23324
(1,5,0,3): 14994
(1,5,1,3): 18326
(1,5,2,3): 22491
(1,5,3,3): 25823
(1,5,4,3): 29988
(1,5,5,3): 33320
(1,5,6,3): 25823
(1,5,7,3): 29155
(1,5,8,3): 18326
(1,5,9,3): 21658
(1,5,10,3): 23324
(1,5,11,3): 23324
(1,6,0,7): 14994
(1,6,1,7): 18326
(1,6,2,7): 22491
(1,6,3,7): 25823
(1,6,4,7): 29988
(1,6,5,7): 33320
(1,6,6,7): 25823
(1,6,7,7): 29155
(1,6,8,7): 18326
(1,6,9,7): 21658
(1,6,10,7): 23324
(1,6,11,7): 23324
(1,7,0,8): 14994
(1,7,1,8): 18326
(1,7,2,8): 22491
(1,7,3,8): 25823
(1,7,4,8): 29988
(1,7,5,8): 33320
(1,7,6,8): 25823
(1,7,7,8): 29155
(1,7,8,8): 18326
(1,7,9,8): 21658
(1,7,10,8): 23324
(1,7,11,8): 23324
(1,8,0,9): 14994
(1,8,1,9): 18326
(1,8,2,9): 22491
(1,8,3,9): 25823
(1,8,4,9): 29988
(1,8,5,9): 33320
(1,8,6,9): 25823
(1,8,7,9): 29155
(1,8,8,9): 18326
(1,8,9,9): 21658
(1,8,10,9): 23324
(1,8,11,9): 23324
(1,9,0,10): 1877.86
(1,9,0,11): 13116.1
(1,9,1,10): 2295.16
(1,9,1,11): 16030.8
(1,9,2,10): 2816.78
(1,9,2,11): 19674.2
(1,9,3,10): 3234.08
(1,9,3,11): 22588.9
(1,9,4,10): 3755.71
(1,9,4,11): 26232.3
(1,9,5,10): 4173.01
(1,9,5,11): 29147
(1,9,6,10): 3234.08
(1,9,6,11): 22588.9
(1,9,7,10): 3651.39
(1,9,7,11): 25503.6
(1,9,8,10): 2295.16
(1,9,8,11): 16030.8
(1,9,9,10): 2712.46
(1,9,9,11): 18945.5
(1,9,10,10): 2921.11
(1,9,10,11): 20402.9
(1,9,11,10): 2921.11
(1,9,11,11): 20402.9
(1,10,0,0): 1877.86
(1,10,1,0): 2295.16
(1,10,2,0): 2816.78
(1,10,3,0): 3234.08
(1,10,4,0): 3755.71
(1,10,5,0): 4173.01
(1,10,6,0): 3234.08
(1,10,7,0): 3651.39
(1,10,8,0): 2295.16
(1,10,9,0): 2712.46
(1,10,10,0): 2921.11
(1,10,11,0): 2921.11
(1,11,0,0): 13116.1
(1,11,1,0): 16030.8
(1,11,2,0): 19674.2
(1,11,3,0): 22588.9
(1,11,4,0): 26232.3
(1,11,5,0): 29147
(1,11,6,0): 22588.9
(1,11,7,0): 25503.6
(1,11,8,0): 16030.8
(1,11,9,0): 18945.5
(1,11,10,0): 20402.9
(1,11,11,0): 20402.9
(2,0,0,1): 19159
(2,0,1,1): 22491
(2,0,2,1): 11662
(2,0,3,1): 14994
(2,0,4,1): 19159
(2,0,5,1): 22491
(2,0,6,1): 26656
(2,0,7,1): 29988
(2,0,8,1): 22491
(2,0,9,1): 25823
(2,0,10,1): 24157
(2,0,11,1): 24157
(2,1,0,2): 19159
(2,1,1,2): 22491
(2,1,2,2): 11662
(2,1,3,2): 14994
(2,1,4,2): 19159
(2,1,5,2): 22491
(2,1,6,2): 26656
(2,1,7,2): 29988
(2,1,8,2): 22491
(2,1,9,2): 25823
(2,1,10,2): 24157
(2,1,11,2): 24157
(2,2,0,3): 19159
(2,2,1,3): 22491
(2,2,2,3): 11662
(2,2,3,3): 14994
(2,2,4,3): 19159
(2,2,5,3): 22491
(2,2,6,3): 26656
(2,2,7,3): 29988
(2,2,8,3): 22491
(2,2,9,3): 25823
(2,2,10,3): 24157
(2,2,11,3): 24157
(2,3,0,4): 19159
(2,3,0,6): 19159
(2,3,1,4): 22491
(2,3,1,6): 22491
(2,3,2,4): 11662
(2,3,2,6): 11662
(2,3,3,4): 14994
(2,3,3,6): 14994
(2,3,4,4): 19159
(2,3,4,6): 19159
(2,3,5,4): 22491
(2,3,5,6): 22491
(2,3,6,4): 26656
(2,3,6,6): 26656
(2,3,7,4): 29988
(2,3,7,6): 29988
(2,3,8,4): 22491
(2,3,8,6): 22491
(2,3,9,4): 25823
(2,3,9,6): 25823
(2,3,10,4): 24157
(2,3,10,6): 24157
(2,3,11,4): 24157
(2,3,11,6): 24157
(2,4,0,5): 19159
(2,4,1,5): 22491
(2,4,2,5): 11662
(2,4,3,5): 14994
(2,4,4,5): 19159
(2,4,5,5): 22491
(2,4,6,5): 26656
(2,4,7,5): 29988
(2,4,8,5): 22491
(2,4,9,5): 25823
(2,4,10,5): 24157
(2,4,11,5): 24157
(2,5,0,3): 19159
(2,5,1,3): 22491
(2,5,2,3): 11662
(2,5,3,3): 14994
(2,5,4,3): 19159
(2,5,5,3): 22491
(2,5,6,3): 26656
(2,5,7,3): 29988
(2,5,8,3): 22491
(2,5,9,3): 25823
(2,5,10,3): 24157
(2,5,11,3): 24157
(2,6,0,7): 19159
(2,6,1,7): 22491
(2,6,2,7): 11662
(2,6,3,7): 14994
(2,6,4,7): 19159
(2,6,5,7): 22491
(2,6,6,7): 26656
(2,6,7,7): 29988
(2,6,8,7): 22491
(2,6,9,7): 25823
(2,6,10,7): 24157
(2,6,11,7): 24157
(2,7,0,8): 19159
(2,7,1,8): 22491
(2,7,2,8): 11662
(2,7,3,8): 14994
(2,7,4,8): 19159
(2,7,5,8): 22491
(2,7,6,8): 26656
(2,7,7,8): 29988
(2,7,8,8): 22491
(2,7,9,8): 25823
(2,7,10,8): 24157
(2,7,11,8): 24157
(2,8,0,9): 19159
(2,8,1,9): 22491
(2,8,2,9): 11662
(2,8,3,9): 14994
(2,8,4,9): 19159
(2,8,5,9): 22491
(2,8,6,9): 26656
(2,8,7,9): 29988
(2,8,8,9): 22491
(2,8,9,9): 25823
(2,8,10,9): 24157
(2,8,11,9): 24157
(2,9,0,10): 2399.48
(2,9,0,11): 16759.5
(2,9,1,10): 2816.78
(2,9,1,11): 19674.2
(2,9,2,10): 1460.55
(2,9,2,11): 10201.4
(2,9,3,10): 1877.86
(2,9,3,11): 13116.1
(2,9,4,10): 2399.48
(2,9,4,11): 16759.5
(2,9,5,10): 2816.78
(2,9,5,11): 19674.2
(2,9,6,10): 3338.41
(2,9,6,11): 23317.6
(2,9,7,10): 3755.71
(2,9,7,11): 26232.3
(2,9,8,10): 2816.78
(2,9,8,11): 19674.2
(2,9,9,10): 3234.08
(2,9,9,11): 22588.9
(2,9,10,10): 3025.43
(2,9,10,11): 21131.6
(2,9,11,10): 3025.43
(2,9,11,11): 21131.6
(2,10,0,0): 2399.48
(2,10,1,0): 2816.78
(2,10,2,0): 1460.55
(2,10,3,0): 1877.86
(2,10,4,0): 2399.48
(2,10,5,0): 2816.78
(2,10,6,0): 3338.41
(2,10,7,0): 3755.71
(2,10,8,0): 2816.78
(2,10,9,0): 3234.08
(2,10,10,0): 3025.43
(2,10,11,0): 3025.43
(2,11,0,0): 16759.5
(2,11,1,0): 19674.2
(2,11,2,0): 10201.4
(2,11,3,0): 13116.1
(2,11,4,0): 16759.5
(2,11,5,0): 19674.2
(2,11,6,0): 23317.6
(2,11,7,0): 26232.3
(2,11,8,0): 19674.2
(2,11,9,0): 22588.9
(2,11,10,0): 21131.6
(2,11,11,0): 21131.6
(3,0,0,1): 22491
(3,0,1,1): 25823
(3,0,2,1): 14994
(3,0,3,1): 18326
(3,0,4,1): 22491
(3,0,5,1): 25823
(3,0,6,1): 29988
(3,0,7,1): 33320
(3,0,8,1): 25823
(3,0,9,1): 29155
(3,0,10,1): 27489
(3,0,11,1): 27489
(3,1,0,2): 22491
(3,1,1,2): 25823
(3,1,2,2): 14994
(3,1,3,2): 18326
(3,1,4,2): 22491
(3,1,5,2): 25823
(3,1,6,2): 29988
(3,1,7,2): 33320
(3,1,8,2): 25823
(3,1,9,2): 29155
(3,1,10,2): 27489
(3,1,11,2): 27489
(3,2,0,3): 22491
(3,2,1,3): 25823
(3,2,2,3): 14994
(3,2,3,3): 18326
(3,2,4,3): 22491
(3,2,5,3): 25823
(3,2,6,3): 29988
(3,2,7,3): 33320
(3,2,8,3): 25823
(3,2,9,3): 29155
(3,2,10,3): 27489
(3,2,11,3): 27489
(3,3,0,4): 22491
(3,3,0,6): 22491
(3,3,1,4): 25823
(3,3,1,6): 25823
(3,3,2,4): 14994
(3,3,2,6): 14994
(3,3,3,4): 18326
(3,3,3,6): 18326
(3,3,4,4): 22491
(3,3,4,6): 22491
(3,3,5,4): 25823
(3,3,5,6): 25823
(3,3,6,4): 29988
(3,3,6,6): 29988
(3,3,7,4): 33320
(3,3,7,6): 33320
(3,3,8,4): 25823
(3,3,8,6): 25823
(3,3,9,4): 29155
(3,3,9,6): 29155
(3,3,10,4): 27489
(3,3,10,6): 27489
(3,3,11,4): 27489
(3,3,11,6): 27489
(3,4,0,5): 22491
(3,4,1,5): 25823
(3,4,2,5): 14994
(3,4,3,5): 18326
(3,4,4,5): 22491
(3,4,5,5): 25823
(3,4,6,5): 29988
(3,4,7,5): 33320
(3,4,8,5): 25823
(3,4,9,5): 29155
(3,4,10,5): 27489
(3,4,11,5): 27489
(3,5,0,3): 22491
(3,5,1,3): 25823
(3,5,2,3): 14994
(3,5,3,3): 18326
(3,5,4,3): 22491
(3,5,5,3): 25823
(3,5,6,3): 29988
(3,5,7,3): 33320
(3,5,8,3): 25823
(3,5,9,3): 29155
(3,5,10,3): 27489
(3,5,11,3): 27489
(3,6,0,7): 22491
(3,6,1,7): 25823
(3,6,2,7): 14994
(3,6,3,7): 18326
(3,6,4,7): 22491
(3,6,5,7): 25823
(3,6,6,7): 29988
(3,6,7,7): 33320
(3,6,8,7): 25823
(3,6,9,7): 29155
(3,6,10,7): 27489
(3,6,11,7): 27489
(3,7,0,8): 22491
(3,7,1,8): 25823
(3,7,2,8): 14994
(3,7,3,8): 18326
(3,7,4,8): 22491
(3,7,5,8): 25823
(3,7,6,8): 29988
(3,7,7,8): 33320
(3,7,8,8): 25823
(3,7,9,8): 29155
(3,7,10,8): 27489
(3,7,11,8): 27489
(3,8,0,9): 22491
(3,8,1,9): 25823
(3,8,2,9): 14994
(3,8,3,9): 18326
(3,8,4,9): 22491
(3,8,5,9): 25823
(3,8,6,9): 29988
(3,8,7,9): 33320
(3,8,8,9): 25823
(3,8,9,9): 29155
(3,8,10,9): 27489
(3,8,11,9): 27489
(3,9,0,10): 2816.78
(3,9,0,11): 19674.2
(3,9,1,10): 3234.08
(3,9,1,11): 22588.9
(3,9,2,10): 1877.86
(3,9,2,11): 13116.1
(3,9,3,10): 2295.16
(3,9,3,11): 16030.8
(3,9,4,10): 2816.78
(3,9,4,11): 19674.2
(3,9,5,10): 3234.08
(3,9,5,11): 22588.9
(3,9,6,10): 3755.71
(3,9,6,11): 26232.3
(3,9,7,10): 4173.01
(3,9,7,11): 29147
(3,9,8,10): 3234.08
(3,9,8,11): 22588.9
(3,9,9,10): 3651.39
(3,9,9,11): 25503.6
(3,9,10,10): 3442.73
(3,9,10,11): 24046.3
(3,9,11,10): 3442.73
(3,9,11,11): 24046.3
(3,10,0,0): 2816.78
(3,10,1,0): 3234.08
(3,10,2,0): 1877.86
(3,10,3,0): 2295.16
(3,10,4,0): 2816.78
(3,10,5,0): 3234.08
(3,10,6,0): 3755.71
(3,10,7,0): 4173.01
(3,10,8,0): 3234.08
(3,10,9,0): 3651.39
(3,10,10,0): 3442.73
(3,10,11,0): 3442.73
(3,11,0,0): 19674.2
(3,11,1,0): 22588.9
(3,11,2,0): 13116.1
(3,11,3,0): 16030.8
(3,11,4,0): 19674.2
(3,11,5,0): 22588.9
(3,11,6,0): 26232.3
(3,11,7,0): 29147
(3,11,8,0): 22588.9
(3,11,9,0): 25503.6
(3,11,10,0): 24046.3
(3,11,11,0): 24046.3
(4,0,0,1): 26656
(4,0,1,1): 29988
(4,0,2,1): 19159
(4,0,3,1): 22491
(4,0,4,1): 11662
(4,0,5,1): 14994
(4,0,6,1): 19159
(4,0,7,1): 22491
(4,0,8,1): 26656
(4,0,9,1): 29988
(4,0,10,1): 31654
(4,0,11,1): 31654
(4,1,0,2): 26656
(4,1,1,2): 29988
(4,1,2,2): 19159
(4,1,3,2): 22491
(4,1,4,2): 11662
(4,1,5,2): 14994
(4,1,6,2): 19159
(4,1,7,2): 22491
(4,1,8,2): 26656
(4,1,9,2): 29988
(4,1,10,2): 31654
(4,1,11,2): 31654
(4,2,0,3): 26656
(4,2,1,3): 29988
(4,2,2,3): 19159
(4,2,3,3): 22491
(4,2,4,3): 11662
(4,2,5,3): 14994
(4,2,6,3): 19159
(4,2,7,3): 22491
(4,2,8,3): 26656
(4,2,9,3): 29988
(4,2,10,3): 31654
(4,2,11,3): 31654
(4,3,0,4): 26656
(4,3,0,6): 26656
(4,3,1,4): 29988
(4,3,1,6): 29988
(4,3,2,4): 19159
(4,3,2,6): 19159
(4,3,3,4): 22491
(4,3,3,6): 22491
(4,3,4,4): 11662
(4,3,4,6): 11662
(4,3,5,4): 14994
(4,3,5,6): 14994
(4,3,6,4): 19159
(4,3,6,6): 19159
(4,3,7,4): 22491
(4,3,7,6): 22491
(4,3,8,4): 26656
(4,3,8,6): 26656
(4,3,9,4): 29988
(4,3,9,6): 29988
(4,3,10,4): 31654
(4,3,10,6): 31654
(4,3,11,4): 31654
(4,3,11,6): 31654
(4,4,0,5): 26656
(4,4,1,5): 29988
(4,4,2,5): 19159
(4,4,3,5): 22491
(4,4,4,5): 11662
(4,4,5,5): 14994
(4,4,6,5): 19159
(4,4,7,5): 22491
(4,4,8,5): 26656
(4,4,9,5): 29988
(4,4,10,5): 31654
(4,4,11,5): 31654
(4,5,0,3): 26656
(4,5,1,3): 29988
(4,5,2,3): 19159
(4,5,3,3): 22491
(4,5,4,3): 11662
(4,5,5,3): 14994
(4,5,6,3): 19159
(4,5,7,3): 22491
(4,5,8,3): 26656
(4,5,9,3): 29988
(4,5,10,3): 31654
(4,5,11,3): 31654
(4,6,0,7): 26656
(4,6,1,7): 29988
(4,6,2,7): 19159
(4,6,3,7): 22491
(4,6,4,7): 11662
(4,6,5,7): 14994
(4,6,6,7): 19159
(4,6,7,7): 22491
(4,6,8,7): 26656
(4,6,9,7): 29988
(4,6,10,7): 31654
(4,6,11,7): 31654
(4,7,0,8): 26656
(4,7,1,8): 29988
(4,7,2,8): 19159
(4,7,3,8): 22491
(4,7,4,8): 11662
(4,7,5,8): 14994
(4,7,6,8): 19159
(4,7,7,8): 22491
(4,7,8,8): 26656
(4,7,9,8): 29988
(4,7,10,8): 31654
(4,7,11,8): 31654
(4,8,0,9): 26656
(4,8,1,9): 29988
(4,8,2,9): 19159
(4,8,3,9): 22491
(4,8,4,9): 11662
(4,8,5,9): 14994
(4,8,6,9): 19159
(4,8,7,9): 22491
(4,8,8,9): 26656
(4,8,9,9): 29988
(4,8,10,9): 31654
(4,8,11,9): 31654
(4,9,0,10): 3338.41
(4,9,0,11): 23317.6
(4,9,1,10): 3755.71
(4,9,1,11): 26232.3
(4,9,2,10): 2399.48
(4,9,2,11): 16759.5
(4,9,3,10): 2816.78
(4,9,3,11): 19674.2
(4,9,4,10): 1460.55
(4,9,4,11): 10201.4
(4,9,5,10): 1877.86
(4,9,5,11): 13116.1
(4,9,6,10): 2399.48
(4,9,6,11): 16759.5
(4,9,7,10): 2816.78
(4,9,7,11): 19674.2
(4,9,8,10): 3338.41
(4,9,8,11): 23317.6
(4,9,9,10): 3755.71
(4,9,9,11): 26232.3
(4,9,10,10): 3964.36
(4,9,10,11): 27689.6
(4,9,11,10): 3964.36
(4,9,11,11): 27689.6
(4,10,0,0): 3338.41
(4,10,1,0): 3755.71
(4,10,2,0): 2399.48
(4,10,3,0): 2816.78
(4,10,4,0): 1460.55
(4,10,5,0): 1877.86
(4,10,6,0): 2399.48
(4,10,7,0): 2816.78
(4,10,8,0): 3338.41
(4,10,9,0): 3755.71
(4,10,10,0): 3964.36
(4,10,11,0): 3964.36
(4,11,0,0): 23317.6
(4,11,1,0): 26232.3
(4,11,2,0): 16759.5
(4,11,3,0): 19674.2
(4,11,4,0): 10201.4
(4,11,5,0): 13116.1
(4,11,6,0): 16759.5
(4,11,7,0): 19674.2
(4,11,8,0): 23317.6
(4,11,9,0): 26232.3
(4,11,10,0): 27689.6
(4,11,11,0): 27689.6
(5,0,0,1): 29988
(5,0,1,1): 33320
(5,0,2,1): 22491
(5,0,3,1): 25823
(5,0,4,1): 14994
(5,0,5,1): 18326
(5,0,6,1): 22491
(5,0,7,1): 25823
(5,0,8,1): 29988
(5,0,9,1): 33320
(5,0,10,1): 34986
(5,0,11,1): 34986
(5,1,0,2): 29988
(5,1,1,2): 33320
(5,1,2,2): 22491
(5,1,3,2): 25823
(5,1,4,2): 14994
(5,1,5,2): 18326
(5,1,6,2): 22491
(5,1,7,2): 25823
(5,1,8,2): 29988
(5,1,9,2): 33320
(5,1,10,2): 34986
(5,1,11,2): 34986
(5,2,0,3): 29988
(5,2,1,3): 33320
(5,2,2,3): 22491
(5,2,3,3): 25823
(5,2,4,3): 14994
(5,2,5,3): 18326
(5,2,6,3): 22491
(5,2,7,3): 25823
(5,2,8,3): 29988
(5,2,9,3): 33320
(5,2,10,3): 34986
(5,2,11,3): 34986
(5,3,0,4): 29988
(5,3,0,6): 29988
(5,3,1,4): 33320
(5,3,1,6): 33320
(5,3,2,4): 22491
(5,3,2,6): 22491
(5,3,3,4): 25823
(5,3,3,6): 25823
(5,3,4,4): 14994
(5,3,4,6): 14994
(5,3,5,4): 18326
(5,3,5,6): 18326
(5,3,6,4): 22491
(5,3,6,6): 22491
(5,3,7,4): 25823
(5,3,7,6): 25823
(5,3,8,4): 29988
(5,3,8,6): 29988
(5,3,9,4): 33320
(5,3,9,6): 33320
(5,3,10,4): 34986
(5,3,10,6): 34986
(5,3,11,4): 34986
(5,3,11,6): 34986
(5,4,0,5): 29988
(5,4,1,5): 33320
(5,4,2,5): 22491
(5,4,3,5): 25823
(5,4,4,5): 14994
(5,4,5,5): 18326
(5,4,6,5): 22491
(5,4,7,5): 25823
(5,4,8,5): 29988
(5,4,9,5): 33320
(5,4,10,5): 34986
(5,4,11,5): 34986
(5,5,0,3): 29988
(5,5,1,3): 33320
(5,5,2,3): 22491
(5,5,3,3): 25823
(5,5,4,3): 14994
(5,5,5,3): 18326
(5,5,6,3): 22491
(5,5,7,3): 25823
(5,5,8,3): 29988
(5,5,9,3): 33320
(5,5,10,3): 34986
(5,5,11,3): 34986
(5,6,0,7): 29988
(5,6,1,7): 33320
(5,6,2,7): 22491
(5,6,3,7): 25823
(5,6,4,7): 14994
(5,6,5,7): 18326
(5,6,6,7): 22491
(5,6,7,7): 25823
(5,6,8,7): 29988
(5,6,9,7): 33320
(5,6,10,7): 34986
(5,6,11,7): 34986
(5,7,0,8): 29988
(5,7,1,8): 33320
(5,7,2,8): 22491
(5,7,3,8): 25823
(5,7,4,8): 14994
(5,7,5,8): 18326
(5,7,6,8): 22491
(5,7,7,8): 25823
(5,7,8,8): 29988
(5,7,9,8): 33320
(5,7,10,8): 34986
(5,7,11,8): 34986
(5,8,0,9): 29988
(5,8,1,9): 33320
(5,8,2,9): 22491
(5,8,3,9): 25823
(5,8,4,9): 14994
(5,8,5,9): 18326
(5,8,6,9): 22491
(5,8,7,9): 25823
(5,8,8,9): 29988
(5,8,9,9): 33320
(5,8,10,9): 34986
(5,8,11,9): 34986
(5,9,0,10): 3755.71
(5,9,0,11): 26232.3
(5,9,1,10): 4173.01
(5,9,1,11): 29147
(5,9,2,10): 2816.78
(5,9,2,11): 19674.2
(5,9,3,10): 3234.08
(5,9,3,11): 22588.9
(5,9,4,10): 1877.86
(5,9,4,11): 13116.1
(5,9,5,10): 2295.16
(5,9,5,11): 16030.8
(5,9,6,10): 2816.78
(5,9,6,11): 19674.2
(5,9,7,10): 3234.08
(5,9,7,11): 22588.9
(5,9,8,10): 3755.71
(5,9,8,11): 26232.3
(5,9,9,10): 4173.01
(5,9,9,11): 29147
(5,9,10,10): 4381.66
(5,9,10,11): 30604.3
(5,9,11,10): 4381.66
(5,9,11,11): 30604.3
(5,10,0,0): 3755.71
(5,10,1,0): 4173.01
(5,10,2,0): 2816.78
(5,10,3,0): 3234.08
(5,10,4,0): 1877.86
(5,10,5,0): 2295.16
(5,10,6,0): 2816.78
(5,10,7,0): 3234.08
(5,10,8,0): 3755.71
(5,10,9,0): 4173.01
(5,10,10,0): 4381.66
(5,10,11,0): 4381.66
(5,11,0,0): 26232.3
(5,11,1,0): 29147
(5,11,2,0): 19674.2
(5,11,3,0): 22588.9
(5,11,4,0): 13116.1
(5,11,5,0): 16030.8
(5,11,6,0): 19674.2
(5,11,7,0): 22588.9
(5,11,8,0): 26232.3
(5,11,9,0): 29147
(5,11,10,0): 30604.3
(5,11,11,0): 30604.3
(6,0,0,1): 34153
(6,0,1,1): 37485
(6,0,2,1): 26656
(6,0,3,1): 29988
(6,0,4,1): 19159
(6,0,5,1): 22491
(6,0,6,1): 11662
(6,0,7,1): 14994
(6,0,8,1): 19159
(6,0,9,1): 22491
(6,0,10,1): 27489
(6,0,11,1): 27489
(6,1,0,2): 34153
(6,1,1,2): 37485
(6,1,2,2): 26656
(6,1,3,2): 29988
(6,1,4,2): 19159
(6,1,5,2): 22491
(6,1,6,2): 11662
(6,1,7,2): 14994
(6,1,8,2): 19159
(6,1,9,2): 22491
(6,1,10,2): 27489
(6,1,11,2): 27489
(6,2,0,3): 34153
(6,2,1,3): 37485
(6,2,2,3): 26656
(6,2,3,3): 29988
(6,2,4,3): 19159
(6,2,5,3): 22491
(6,2,6,3): 11662
(6,2,7,3): 14994
(6,2,8,3): 19159
(6,2,9,3): 22491
(6,2,10,3): 27489
(6,2,11,3): 27489
(6,3,0,4): 34153
(6,3,0,6): 34153
(6,3,1,4): 37485
(6,3,1,6): 37485
(6,3,2,4): 26656
(6,3,2,6): 26656
(6,3,3,4): 29988
(6,3,3,6): 29988
(6,3,4,4): 19159
(6,3,4,6): 19159
(6,3,5,4): 22491
(6,3,5,6): 22491
(6,3,6,4): 11662
(6,3,6,6): 11662
(6,3,7,4): 14994
(6,3,7,6): 14994
(6,3,8,4): 19159
(6,3,8,6): 19159
(6,3,9,4): 22491
(6,3,9,6): 22491
(6,3,10,4): 27489
(6,3,10,6): 27489
(6,3,11,4): 27489
(6,3,11,6): 27489
(6,4,0,5): 34153
(6,4,1,5): 37485
(6,4,2,5): 26656
(6,4,3,5): 29988
(6,4,4,5): 19159
(6,4,5,5): 22491
(6,4,6,5): 11662
(6,4,7,5): 14994
(6,4,8,5): 19159
(6,4,9,5): 22491
(6,4,10,5): 27489
(6,4,11,5): 27489
(6,5,0,3): 34153
(6,5,1,3): 37485
(6,5,2,3): 26656
(6,5,3,3): 29988
(6,5,4,3): 19159
(6,5,5,3): 22491
(6,5,6,3): 11662
(6,5,7,3): 14994
(6,5,8,3): 19159
(6,5,9,3): 22491
(6,5,10,3): 27489
(6,5,11,3): 27489
(6,6,0,7): 34153
(6,6,1,7): 37485
(6,6,2,7): 26656
(6,6,3,7): 29988
(6,6,4,7): 19159
(6,6,5,7): 22491
(6,6,6,7): 11662
(6,6,7,7): 14994
(6,6,8,7): 19159
(6,6,9,7): 22491
(6,6,10,7): 27489
(6,6,11,7): 27489
(6,7,0,8): 34153
(6,7,1,8): 37485
(6,7,2,8): 26656
(6,7,3,8): 29988
(6,7,4,8): 19159
(6,7,5,8): 22491
(6,7,6,8): 11662
(6,7,7,8): 14994
(6,7,8,8): 19159
(6,7,9,8): 22491
(6,7,10,8): 27489
(6,7,11,8): 27489
(6,8,0,9): 34153
(6,8,1,9): 37485
(6,8,2,9): 26656
(6,8,3,9): 29988
(6,8,4,9): 19159
(6,8,5,9): 22491
(6,8,6,9): 11662
(6,8,7,9): 14994
(6,8,8,9): 19159
(6,8,9,9): 22491
(6,8,10,9): 27489
(6,8,11,9): 27489
(6,9,0,10): 4277.34
(6,9,0,11): 29875.7
(6,9,1,10): 4694.64
(6,9,1,11): 32790.4
(6,9,2,10): 3338.41
(6,9,2,11): 23317.6
(6,9,3,10): 3755.71
(6,9,3,11): 26232.3
(6,9,4,10): 2399.48
(6,9,4,11): 16759.5
(6,9,5,10): 2816.78
(6,9,5,11): 19674.2
(6,9,6,10): 1460.55
(6,9,6,11): 10201.4
(6,9,7,10): 1877.86
(6,9,7,11): 13116.1
(6,9,8,10): 2399.48
(6,9,8,11): 16759.5
(6,9,9,10): 2816.78
(6,9,9,11): 19674.2
(6,9,10,10): 3442.73
(6,9,10,11): 24046.3
(6,9,11,10): 3442.73
(6,9,11,11): 24046.3
(6,10,0,0): 4277.34
(6,10,1,0): 4694.64
(6,10,2,0): 3338.41
(6,10,3,0): 3755.71
(6,10,4,0): 2399.48
(6,10,5,0): 2816.78
(6,10,6,0): 1460.55
(6,10,7,0): 1877.86
(6,10,8,0): 2399.48
(6,10,9,0): 2816.78
(6,10,10,0): 3442.73
(6,10,11,0): 3442.73
(6,11,0,0): 29875.7
(6,11,1,0): 32790.4
(6,11,2,0): 23317.6
(6,11,3,0): 26232.3
(6,11,4,0): 16759.5
(6,11,5,0): 19674.2
(6,11,6,0): 10201.4
(6,11,7,0): 13116.1
(6,11,8,0): 16759.5
(6,11,9,0): 19674.2
(6,11,10,0): 24046.3
(6,11,11,0): 24046.3
(7,0,0,1): 37485
(7,0,1,1): 40817
(7,0,2,1): 29988
(7,0,3,1): 33320
(7,0,4,1): 22491
(7,0,5,1): 25823
(7,0,6,1): 14994
(7,0,7,1): 18326
(7,0,8,1): 22491
(7,0,9,1): 25823
(7,0,10,1): 30821
(7,0,11,1): 30821
(7,1,0,2): 37485
(7,1,1,2): 40817
(7,1,2,2): 29988
(7,1,3,2): 33320
(7,1,4,2): 22491
(7,1,5,2): 25823
(7,1,6,2): 14994
(7,1,7,2): 18326
(7,1,8,2): 22491
(7,1,9,2): 25823
(7,1,10,2): 30821
(7,1,11,2): 30821
(7,2,0,3): 37485
(7,2,1,3): 40817
(7,2,2,3): 29988
(7,2,3,3): 33320
(7,2,4,3): 22491
(7,2,5,3): 25823
(7,2,6,3): 14994
(7,2,7,3): 18326
(7,2,8,3): 22491
(7,2,9,3): 25823
(7,2,10,3): 30821
(7,2,11,3): 30821
(7,3,0,4): 37485
(7,3,0,6): 37485
(7,3,1,4): 40817
(7,3,1,6): 40817
(7,3,2,4): 29988
(7,3,2,6): 29988
(7,3,3,4): 33320
(7,3,3,6): 33320
(7,3,4,4): 22491
(7,3,4,6): 22491
(7,3,5,4): 25823
(7,3,5,6): 25823
(7,3,6,4): 14994
(7,3,6,6): 14994
(7,3,7,4): 18326
(7,3,7,6): 18326
(7,3,8,4): 22491
(7,3,8,6): 22491
(7,3,9,4): 25823
(7,3,9,6): 25823
(7,3,10,4): 30821
(7,3,10,6): 30821
(7,3,11,4): 30821
(7,3,11,6): 30821
(7,4,0,5): 37485
(7,4,1,5): 40817
(7,4,2,5): 29988
(7,4,3,5): 33320
(7,4,4,5): 22491
(7,4,5,5): 25823
(7,4,6,5): 14994
(7,4,7,5): 18326
(7,4,8,5): 22491
(7,4,9,5): 25823
(7,4,10,5): 30821
(7,4,11,5): 30821
(7,5,0,3): 37485
(7,5,1,3): 40817
(7,5,2,3): 29988
(7,5,3,3): 33320
(7,5,4,3): 22491
(7,5,5,3): 25823
(7,5,6,3): 14994
(7,5,7,3): 18326
(7,5,8,3): 22491
(7,5,9,3): 25823
(7,5,10,3): 30821
(7,5,11,3): 30821
(7,6,0,7): 37485
(7,6,1,7): 40817
(7,6,2,7): 29988
(7,6,3,7): 33320
(7,6,4,7): 22491
(7,6,5,7): 25823
(7,6,6,7): 14994
(7,6,7,7): 18326
(7,6,8,7): 22491
(7,6,9,7): 25823
(7,6,10,7): 30821
(7,6,11,7): 30821
(7,7,0,8): 37485
(7,7,1,8): 40817
(7,7,2,8): 29988
(7,7,3,8): 33320
(7,7,4,8): 22491
(7,7,5,8): 25823
(7,7,6,8): 14994
(7,7,7,8): 18326
(7,7,8,8): 22491
(7,7,9,8): 25823
(7,7,10,8): 30821
(7,7,11,8): 30821
(7,8,0,9): 37485
(7,8,1,9): 40817
(7,8,2,9): 29988
(7,8,3,9): 33320
(7,8,4,9): 22491
(7,8,5,9): 25823
(7,8,6,9): 14994
(7,8,7,9): 18326
(7,8,8,9): 22491
(7,8,9,9): 25823
(7,8,10,9): 30821
(7,8,11,9): 30821
(7,9,0,10): 4694.64
(7,9,0,11): 32790.4
(7,9,1,10): 5111.94
(7,9,1,11): 35705.1
(7,9,2,10): 3755.71
(7,9,2,11): 26232.3
(7,9,3,10): 4173.01
(7,9,3,11): 29147
(7,9,4,10): 2816.78
(7,9,4,11): 19674.2
(7,9,5,10): 3234.08
(7,9,5,11): 22588.9
(7,9,6,10): 1877.86
(7,9,6,11): 13116.1
(7,9,7,10): 2295.16
(7,9,7,11): 16030.8
(7,9,8,10): 2816.78
(7,9,8,11): 19674.2
(7,9,9,10): 3234.08
(7,9,9,11): 22588.9
(7,9,10,10): 3860.04
(7,9,10,11): 26961
(7,9,11,10): 3860.04
(7,9,11,11): 26961
(7,10,0,0): 4694.64
(7,10,1,0): 5111.94
(7,10,2,0): 3755.71
(7,10,3,0): 4173.01
(7,10,4,0): 2816.78
(7,10,5,0): 3234.08
(7,10,6,0): 1877.86
(7,10,7,0): 2295.16
(7,10,8,0): 2816.78
(7,10,9,0): 3234.08
(7,10,10,0): 3860.04
(7,10,11,0): 3860.04
(7,11,0,0): 32790.4
(7,11,1,0): 35705.1
(7,11,2,0): 26232.3
(7,11,3,0): 29147
(7,11,4,0): 19674.2
(7,11,5,0): 22588.9
(7,11,6,0): 13116.1
(7,11,7,0): 16030.8
(7,11,8,0): 19674.2
(7,11,9,0): 22588.9
(7,11,10,0): 26961
(7,11,11,0): 26961
(8,0,0,1): 26656
(8,0,1,1): 29988
(8,0,2,1): 34153
(8,0,3,1): 37485
(8,0,4,1): 26656
(8,0,5,1): 29988
(8,0,6,1): 19159
(8,0,7,1): 22491
(8,0,8,1): 11662
(8,0,9,1): 14994
(8,0,10,1): 19992
(8,0,11,1): 19992
(8,1,0,2): 26656
(8,1,1,2): 29988
(8,1,2,2): 34153
(8,1,3,2): 37485
(8,1,4,2): 26656
(8,1,5,2): 29988
(8,1,6,2): 19159
(8,1,7,2): 22491
(8,1,8,2): 11662
(8,1,9,2): 14994
(8,1,10,2): 19992
(8,1,11,2): 19992
(8,2,0,3): 26656
(8,2,1,3): 29988
(8,2,2,3): 34153
(8,2,3,3): 37485
(8,2,4,3): 26656
(8,2,5,3): 29988
(8,2,6,3): 19159
(8,2,7,3): 22491
(8,2,8,3): 11662
(8,2,9,3): 14994
(8,2,10,3): 19992
(8,2,11,3): 19992
(8,3,0,4): 26656
(8,3,0,6): 26656
(8,3,1,4): 29988
(8,3,1,6): 29988
(8,3,2,4): 34153
(8,3,2,6): 34153
(8,3,3,4): 37485
(8,3,3,6): 37485
(8,3,4,4): 26656
(8,3,4,6): 26656
(8,3,5,4): 29988
(8,3,5,6): 29988
(8,3,6,4): 19159
(8,3,6,6): 19159
(8,3,7,4): 22491
(8,3,7,6): 22491
(8,3,8,4): 11662
(8,3,8,6): 11662
(8,3,9,4): 14994
(8,3,9,6): 14994
(8,3,10,4): 19992
(8,3,10,6): 19992
(8,3,11,4): 19992
(8,3,11,6): 19992
(8,4,0,5): 26656
(8,4,1,5): 29988
(8,4,2,5): 34153
(8,4,3,5): 37485
(8,4,4,5): 26656
(8,4,5,5): 29988
(8,4,6,5): 19159
(8,4,7,5): 22491
(8,4,8,5): 11662
(8,4,9,5): 14994
(8,4,10,5): 19992
(8,4,11,5): 19992
(8,5,0,3): 26656
(8,5,1,3): 29988
(8,5,2,3): 34153
(8,5,3,3): 37485
(8,5,4,3): 26656
(8,5,5,3): 29988
(8,5,6,3): 19159
(8,5,7,3): 22491
(8,5,8,3): 11662
(8,5,9,3): 14994
(8,5,10,3): 19992
(8,5,11,3): 19992
(8,6,0,7): 26656
(8,6,1,7): 29988
(8,6,2,7): 34153
(8,6,3,7): 37485
(8,6,4,7): 26656
(8,6,5,7): 29988
(8,6,6,7): 19159
(8,6,7,7): 22491
(8,6,8,7): 11662
(8,6,9,7): 14994
(8,6,10,7): 19992
(8,6,11,7): 19992
(8,7,0,8): 26656
(8,7,1,8): 29988
(8,7,2,8): 34153
(8,7,3,8): 37485
(8,7,4,8): 26656
(8,7,5,8): 29988
(8,7,6,8): 19159
(8,7,7,8): 22491
(8,7,8,8): 11662
(8,7,9,8): 14994
(8,7,10,8): 19992
(8,7,11,8): 19992
(8,8,0,9): 26656
(8,8,1,9): 29988
(8,8,2,9): 34153
(8,8,3,9): 37485
(8,8,4,9): 26656
(8,8,5,9): 29988
(8,8,6,9): 19159
(8,8,7,9): 22491
(8,8,8,9): 11662
(8,8,9,9): 14994
(8,8,10,9): 19992
(8,8,11,9): 19992
(8,9,0,10): 3338.41
(8,9,0,11): 23317.6
(8,9,1,10): 3755.71
(8,9,1,11): 26232.3
(8,9,2,10): 4277.34
(8,9,2,11): 29875.7
(8,9,3,10): 4694.64
(8,9,3,11): 32790.4
(8,9,4,10): 3338.41
(8,9,4,11): 23317.6
(8,9,5,10): 3755.71
(8,9,5,11): 26232.3
(8,9,6,10): 2399.48
(8,9,6,11): 16759.5
(8,9,7,10): 2816.78
(8,9,7,11): 19674.2
(8,9,8,10): 1460.55
(8,9,8,11): 10201.4
(8,9,9,10): 1877.86
(8,9,9,11): 13116.1
(8,9,10,10): 2503.81
(8,9,10,11): 17488.2
(8,9,11,10): 2503.81
(8,9,11,11): 17488.2
(8,10,0,0): 3338.41
(8,10,1,0): 3755.71
(8,10,2,0): 4277.34
(8,10,3,0): 4694.64
(8,10,4,0): 3338.41
(8,10,5,0): 3755.71
(8,10,6,0): 2399.48
(8,10,7,0): 2816.78
(8,10,8,0): 1460.55
(8,10,9,0): 1877.86
(8,10,10,0): 2503.81
(8,10,11,0): 2503.81
(8,11,0,0): 23317.6
(8,11,1,0): 26232.3
(8,11,2,0): 29875.7
(8,11,3,0): 32790.4
(8,11,4,0): 23317.6
(8,11,5,0): 26232.3
(8,11,6,0): 16759.5
(8,11,7,0): 19674.2
(8,11,8,0): 10201.4
(8,11,9,0): 13116.1
(8,11,10,0): 17488.2
(8,11,11,0): 17488.2
(9,0,0,1): 29988
(9,0,1,1): 33320
(9,0,2,1): 37485
(9,0,3,1): 40817
(9,0,4,1): 29988
(9,0,5,1): 33320
(9,0,6,1): 22491
(9,0,7,1): 25823
(9,0,8,1): 14994
(9,0,9,1): 18326
(9,0,10,1): 23324
(9,0,11,1): 23324
(9,1,0,2): 29988
(9,1,1,2): 33320
(9,1,2,2): 37485
(9,1,3,2): 40817
(9,1,4,2): 29988
(9,1,5,2): 33320
(9,1,6,2): 22491
(9,1,7,2): 25823
(9,1,8,2): 14994
(9,1,9,2): 18326
(9,1,10,2): 23324
(9,1,11,2): 23324
(9,2,0,3): 29988
(9,2,1,3): 33320
(9,2,2,3): 37485
(9,2,3,3): 40817
(9,2,4,3): 29988
(9,2,5,3): 33320
(9,2,6,3): 22491
(9,2,7,3): 25823
(9,2,8,3): 14994
(9,2,9,3): 18326
(9,2,10,3): 23324
(9,2,11,3): 23324
(9,3,0,4): 29988
(9,3,0,6): 29988
(9,3,1,4): 33320
(9,3,1,6): 33320
(9,3,2,4): 37485
(9,3,2,6): 37485
(9,3,3,4): 40817
(9,3,3,6): 40817
(9,3,4,4): 29988
(9,3,4,6): 29988
(9,3,5,4): 33320
(9,3,5,6): 33320
(9,3,6,4): 22491
(9,3,6,6): 22491
(9,3,7,4): 25823
(9,3,7,6): 25823
(9,3,8,4): 14994
(9,3,8,6): 14994
(9,3,9,4): 18326
(9,3,9,6): 18326
(9,3,10,4): 23324
(9,3,10,6): 23324
(9,3,11,4): 23324
(9,3,11,6): 23324
(9,4,0,5): 29988
(9,4,1,5): 33320
(9,4,2,5): 37485
(9,4,3,5): 40817
(9,4,4,5): 29988
(9,4,5,5): 33320
(9,4,6,5): 22491
(9,4,7,5): 25823
(9,4,8,5): 14994
(9,4,9,5): 18326
(9,4,10,5): 23324
(9,4,11,5): 23324
(9,5,0,3): 29988
(9,5,1,3): 33320
(9,5,2,3): 37485
(9,5,3,3): 40817
(9,5,4,3): 29988
(9,5,5,3): 33320
(9,5,6,3): 22491
(9,5,7,3): 25823
(9,5,8,3): 14994
(9,5,9,3): 18326
(9,5,10,3): 23324
(9,5,11,3): 23324
(9,6,0,7): 29988
(9,6,1,7): 33320
(9,6,2,7): 37485
(9,6,3,7): 40817
(9,6,4,7): 29988
(9,6,5,7): 33320
(9,6,6,7): 22491
(9,6,7,7): 25823
(9,6,8,7): 14994
(9,6,9,7): 18326
(9,6,10,7): 23324
(9,6,11,7): 23324
(9,7,0,8): 29988
(9,7,1,8): 33320
(9,7,2,8): 37485
(9,7,3,8): 40817
(9,7,4,8): 29988
(9,7,5,8): 33320
(9,7,6,8): 22491
(9,7,7,8): 25823
(9,7,8,8): 14994
(9,7,9,8): 18326
(9,7,10,8): 23324
(9,7,11,8): 23324
(9,8,0,9): 29988
(9,8,1,9): 33320
(9,8,2,9): 37485
(9,8,3,9): 40817
(9,8,4,9): 29988
(9,8,5,9): 33320
(9,8,6,9): 22491
(9,8,7,9): 25823
(9,8,8,9): 14994
(9,8,9,9): 18326
(9,8,10,9): 23324
(9,8,11,9): 23324
(9,9,0,10): 3755.71
(9,9,0,11): 26232.3
(9,9,1,10): 4173.01
(9,9,1,11): 29147
(9,9,2,10): 4694.64
(9,9,2,11): 32790.4
(9,9,3,10): 5111.94
(9,9,3,11): 35705.1
(9,9,4,10): 3755.71
(9,9,4,11): 26232.3
(9,9,5,10): 4173.01
(9,9,5,11): 29147
(9,9,6,10): 2816.78
(9,9,6,11): 19674.2
(9,9,7,10): 3234.08
(9,9,7,11): 22588.9
(9,9,8,10): 1877.86
(9,9,8,11): 13116.1
(9,9,9,10): 2295.16
(9,9,9,11): 16030.8
(9,9,10,10): 2921.11
(9,9,10,11): 20402.9
(9,9,11,10): 2921.11
(9,9,11,11): 20402.9
(9,10,0,0): 3755.71
(9,10,1,0): 4173.01
(9,10,2,0): 4694.64
(9,10,3,0): 5111.94
(9,10,4,0): 3755.71
(9,10,5,0): 4173.01
(9,10,6,0): 2816.78
(9,10,7,0): 3234.08
(9,10,8,0): 1877.86
(9,10,9,0): 2295.16
(9,10,10,0): 2921.11
(9,10,11,0): 2921.11
(9,11,0,0): 26232.3
(9,11,1,0): 29147
(9,11,2,0): 32790.4
(9,11,3,0): 35705.1
(9,11,4,0): 26232.3
(9,11,5,0): 29147
(9,11,6,0): 19674.2
(9,11,7,0): 22588.9
(9,11,8,0): 13116.1
(9,11,9,0): 16030.8
(9,11,10,0): 20402.9
(9,11,11,0): 20402.9
(10,0,0,1): 17493
(10,0,1,1): 20825
(10,0,2,1): 24990
(10,0,3,1): 28322
(10,0,4,1): 32487
(10,0,5,1): 35819
(10,0,6,1): 28322
(10,0,7,1): 31654
(10,0,8,1): 20825
(10,0,9,1): 24157
(10,1,0,2): 17493
(10,1,1,2): 20825
(10,1,2,2): 24990
(10,1,3,2): 28322
(10,1,4,2): 32487
(10,1,5,2): 35819
(10,1,6,2): 28322
(10,1,7,2): 31654
(10,1,8,2): 20825
(10,1,9,2): 24157
(10,2,0,3): 17493
(10,2,1,3): 20825
(10,2,2,3): 24990
(10,2,3,3): 28322
(10,2,4,3): 32487
(10,2,5,3): 35819
(10,2,6,3): 28322
(10,2,7,3): 31654
(10,2,8,3): 20825
(10,2,9,3): 24157
(10,3,0,4): 17493
(10,3,0,6): 17493
(10,3,1,4): 20825
(10,3,1,6): 20825
(10,3,2,4): 24990
(10,3,2,6): 24990
(10,3,3,4): 28322
(10,3,3,6): 28322
(10,3,4,4): 32487
(10,3,4,6): 32487
(10,3,5,4): 35819
(10,3,5,6): 35819
(10,3,6,4): 28322
(10,3,6,6): 28322
(10,3,7,4): 31654
(10,3,7,6): 31654
(10,3,8,4): 20825
(10,3,8,6): 20825
(10,3,9,4): 24157
(10,3,9,6): 24157
(10,4,0,5): 17493
(10,4,1,5): 20825
(10,4,2,5): 24990
(10,4,3,5): 28322
(10,4,4,5): 32487
(10,4,5,5): 35819
(10,4,6,5): 28322
(10,4,7,5): 31654
(10,4,8,5): 20825
(10,4,9,5): 24157
(10,5,0,3): 17493
(10,5,1,3): 20825
(10,5,2,3): 24990
(10,5,3,3): 28322
(10,5,4,3): 32487
(10,5,5,3): 35819
(10,5,6,3): 28322
(10,5,7,3): 31654
(10,5,8,3): 20825
(10,5,9,3): 24157
(10,6,0,7): 17493
(10,6,1,7): 20825
(10,6,2,7): 24990
(10,6,3,7): 28322
(10,6,4,7): 32487
(10,6,5,7): 35819
(10,6,6,7): 28322
(10,6,7,7): 31654
(10,6,8,7): 20825
(10,6,9,7): 24157
(10,7,0,8): 17493
(10,7,1,8): 20825
(10,7,2,8): 24990
(10,7,3,8): 28322
(10,7,4,8): 32487
(10,7,5,8): 35819
(10,7,6,8): 28322
(10,7,7,8): 31654
(10,7,8,8): 20825
(10,7,9,8): 24157
(10,8,0,9): 17493
(10,8,1,9): 20825
(10,8,2,9): 24990
(10,8,3,9): 28322
(10,8,4,9): 32487
(10,8,5,9): 35819
(10,8,6,9): 28322
(10,8,7,9): 31654
(10,8,8,9): 20825
(10,8,9,9): 24157
(10,9,0,10): 2190.83
(10,9,0,11): 15302.2
(10,9,1,10): 2608.13
(10,9,1,11): 18216.9
(10,9,2,10): 3129.76
(10,9,2,11): 21860.2
(10,9,3,10): 3547.06
(10,9,3,11): 24774.9
(10,9,4,10): 4068.69
(10,9,4,11): 28418.3
(10,9,5,10): 4485.99
(10,9,5,11): 31333
(10,9,6,10): 3547.06
(10,9,6,11): 24774.9
(10,9,7,10): 3964.36
(10,9,7,11): 27689.6
(10,9,8,10): 2608.13
(10,9,8,11): 18216.9
(10,9,9,10): 3025.43
(10,9,9,11): 21131.6
(10,10,0,0): 2190.83
(10,10,1,0): 2608.13
(10,10,2,0): 3129.76
(10,10,3,0): 3547.06
(10,10,4,0): 4068.69
(10,10,5,0): 4485.99
(10,10,6,0): 3547.06
(10,10,7,0): 3964.36
(10,10,8,0): 2608.13
(10,10,9,0): 3025.43
(10,11,0,0): 15302.2
(10,11,1,0): 18216.9
(10,11,2,0): 21860.2
(10,11,3,0): 24774.9
(10,11,4,0): 28418.3
(10,11,5,0): 31333
(10,11,6,0): 24774.9
(10,11,7,0): 27689.6
(10,11,8,0): 18216.9
(10,11,9,0): 21131.6
(11,0,0,1): 17493
(11,0,1,1): 20825
(11,0,2,1): 24990
(11,0,3,1): 28322
(11,0,4,1): 32487
(11,0,5,1): 35819
(11,0,6,1): 28322
(11,0,7,1): 31654
(11,0,8,1): 20825
(11,0,9,1): 24157
(11,1,0,2): 17493
(11,1,1,2): 20825
(11,1,2,2): 24990
(11,1,3,2): 28322
(11,1,4,2): 32487
(11,1,5,2): 35819
(11,1,6,2): 28322
(11,1,7,2): 31654
(11,1,8,2): 20825
(11,1,9,2): 24157
(11,2,0,3): 17493
(11,2,1,3): 20825
(11,2,2,3): 24990
(11,2,3,3): 28322
(11,2,4,3): 32487
(11,2,5,3): 35819
(11,2,6,3): 28322
(11,2,7,3): 31654
(11,2,8,3): 20825
(11,2,9,3): 24157
(11,3,0,4): 17493
(11,3,0,6): 17493
(11,3,1,4): 20825
(11,3,1,6): 20825
(11,3,2,4): 24990
(11,3,2,6): 24990
(11,3,3,4): 28322
(11,3,3,6): 28322
(11,3,4,4): 32487
(11,3,4,6): 32487
(11,3,5,4): 35819
(11,3,5,6): 35819
(11,3,6,4): 28322
(11,3,6,6): 28322
(11,3,7,4): 31654
(11,3,7,6): 31654
(11,3,8,4): 20825
(11,3,8,6): 20825
(11,3,9,4): 24157
(11,3,9,6): 24157
(11,4,0,5): 17493
(11,4,1,5): 20825
(11,4,2,5): 24990
(11,4,3,5): 28322
(11,4,4,5): 32487
(11,4,5,5): 35819
(11,4,6,5): 28322
(11,4,7,5): 31654
(11,4,8,5): 20825
(11,4,9,5): 24157
(11,5,0,3): 17493
(11,5,1,3): 20825
(11,5,2,3): 24990
(11,5,3,3): 28322
(11,5,4,3): 32487
(11,5,5,3): 35819
(11,5,6,3): 28322
(11,5,7,3): 31654
(11,5,8,3): 20825
(11,5,9,3): 24157
(11,6,0,7): 17493
(11,6,1,7): 20825
(11,6,2,7): 24990
(11,6,3,7): 28322
(11,6,4,7): 32487
(11,6,5,7): 35819
(11,6,6,7): 28322
(11,6,7,7): 31654
(11,6,8,7): 20825
(11,6,9,7): 24157
(11,7,0,8): 17493
(11,7,1,8): 20825
(11,7,2,8): 24990
(11,7,3,8): 28322
(11,7,4,8): 32487
(11,7,5,8): 35819
(11,7,6,8): 28322
(11,7,7,8): 31654
(11,7,8,8): 20825
(11,7,9,8): 24157
(11,8,0,9): 17493
(11,8,1,9): 20825
(11,8,2,9): 24990
(11,8,3,9): 28322
(11,8,4,9): 32487
(11,8,5,9): 35819
(11,8,6,9): 28322
(11,8,7,9): 31654
(11,8,8,9): 20825
(11,8,9,9): 24157
(11,9,0,10): 2190.83
(11,9,0,11): 15302.2
(11,9,1,10): 2608.13
(11,9,1,11): 18216.9
(11,9,2,10): 3129.76
(11,9,2,11): 21860.2
(11,9,3,10): 3547.06
(11,9,3,11): 24774.9
(11,9,4,10): 4068.69
(11,9,4,11): 28418.3
(11,9,5,10): 4485.99
(11,9,5,11): 31333
(11,9,6,10): 3547.06
(11,9,6,11): 24774.9
(11,9,7,10): 3964.36
(11,9,7,11): 27689.6
(11,9,8,10): 2608.13
(11,9,8,11): 18216.9
(11,9,9,10): 3025.43
(11,9,9,11): 21131.6
(11,10,0,0): 2190.83
(11,10,1,0): 2608.13
(11,10,2,0): 3129.76
(11,10,3,0): 3547.06
(11,10,4,0): 4068.69
(11,10,5,0): 4485.99
(11,10,6,0): 3547.06
(11,10,7,0): 3964.36
(11,10,8,0): 2608.13
(11,10,9,0): 3025.43
(11,11,0,0): 15302.2
(11,11,1,0): 18216.9
(11,11,2,0): 21860.2
(11,11,3,0): 24774.9
(11,11,4,0): 28418.3
(11,11,5,0): 31333
(11,11,6,0): 24774.9
(11,11,7,0): 27689.6
(11,11,8,0): 18216.9
(11,11,9,0): 21131.6
